00110000001100000011000100110110001100000011000000101110001100000011100100110110001011000010110000101100001100000010110000101100
00110000001100000011000100110110001100000011000100101110001100000011100100110110001011000010110000101100001100000010110000101100
00110000001100000011000100110110001100000011001100101110001100000011000000110000001011000010110000101100001100000010110000101100
00110000001100000011000100110110001100000011010000101110001100000011000000110000001011000011010000110000001101000011010000101110001101000011010000110101001101000010110000110000001101110011010000110001001100000010111000110111001101010011001000110111001011000011000100101100001100010011100000110100001011100011001000101100
00110000001100000011000100110110001100000011010100101110001100000011000000110000001011000011010000110000001101000011010000101110001101000011010000110100001100010010110000110000001101110011010000110001001100000010111000110111001101010011001100110101001011000011000100101100001100010011100000110100001011100011001000101100
00110000001100000011000100110110001100000011011000101110001100000011000000110000001011000011010000110000001101000011010000101110001101000011010000110011001101010010110000110000001101110011010000110001001100000010111000110111001101010011010000110001001011000011000100101100001100010011100000110100001011100011001000101100
00110000001100000011000100110110001100000011011000101110001100100011000100110110001011000011010000110000001101000011010000101110001101000011010000110110001101100010110000110000001101110011010000110001001100000010111000110111001101010011000100110101001011000011000100101100001100010011100000110100001011100011010000101100
00110000001100000011000100110110001100000011100000101110001100000011000000110000001011000011010000110000001101000011010000101110001101000011010000111000001100010010110000110000001101110011010000110001001100000010111000110111001101010011000000111001001011000011000100101100001100010011100000110100001011100011010100101100
00110000001100000011000100110110001100000011100100101110001100000011000000110000001011000011010000110000001101000011010000101110001101000011010000111000001101110010110000110000001101110011010000110001001100000010111000110111001101010011000000111001001011000011000100101100001100010011100000110100001011100011011000101100
00110000001100000011000100110110001100010011000000101110001100000011000000110000001011000011010000110000001101000011010000101110001101000011010000111001001100000010110000110000001101110011010000110001001100000010111000110111001101010011000000110111001011000011000100101100001100010011100000110100001011100011011000101100
00110000001100000011000100110110001100010011000100101110001100000011000000110000001011000011010000110000001101000011010000101110001101000011010000111001001101000010110000110000001101110011010000110001001100000010111000110111001101010011000000110100001011000011000100101100001100010011100000110100001011100011011000101100
00110000001100000011000100110110001100010011001000101110001100000011000000110000001011000011010000110000001101000011010000101110001101000011010000111001001101100010110000110000001101110011010000110001001100000010111000110111001101010011000000110101001011000011000100101100001100010011100000110100001011100011011000101100
00110000001100000011000100110110001100010011001000101110001100100011000100110001001011000011010000110000001101000011010000101110001101000011010000111001001101100010110000110000001101110011010000110001001100000010111000110111001101010011000000110110001011000011000100101100001100010011100000110100001011100011011000101100
00110000001100000011000100110110001100010011010000101110001100000011000000110000001011000011010000110000001101000011010000101110001101000011010000111001001110000010110000110000001101110011010000110001001100000010111000110111001101010011000000110111001011000011000100101100001100010011100000110100001011100011011000101100
00110000001100000011000100110110001100010011010100101110001100000011000000110000001011000011010000110000001101000011010000101110001101000011010100110000001100000010110000110000001101110011010000110001001100000010111000110111001101010011000000111000001011000011000100101100001100010011100000110100001011100011011100101100
00110000001100000011000100110110001100010011011000101110001100000011000000110000001011000011010000110000001101000011010000101110001101000011010000111001001110010010110000110000001101110011010000110001001100000010111000110111001101010011000100110001001011000011000100101100001100010011100000110100001011100011011100101100
00110000001100000011000100110110001100010011011100101110001100000011000000110000001011000011010000110000001101000011010000101110001101000011010100110000001100010010110000110000001101110011010000110001001100000010111000110111001101010011000100110010001011000011000100101100001100010011100000110100001011100011011000101100
00110000001100000011000100110110001100010011100000101110001100000011000000110000001011000011010000110000001101000011010000101110001101000011010100110000001100100010110000110000001101110011010000110001001100000010111000110111001101010011000100110010001011000011000100101100001100010011100000110100001011100011011000101100
00110000001100000011000100110110001100010011100000101110001100100011000100110001001011000011010000110000001101000011010000101110001101000011010100110000001100110010110000110000001101110011010000110001001100000010111000110111001101010011000100110010001011000011000100101100001100010011100000110100001011100011011000101100
00110000001100000011000100110110001100100011000000101110001100000011000000110000001011000011010000110000001101000011010000101110001101000011010100110000001101000010110000110000001101110011010000110001001100000010111000110111001101010011000100110011001011000011000100101100001100010011100000110100001011100011011000101100
00110000001100000011000100110110001100100011000100101110001100000011000000110000001011000011010000110000001101000011010000101110001101000011010100110000001110000010110000110000001101110011010000110001001100000010111000110111001101010011000100110001001011000011000100101100001100010011100000110100001011100011011000101100
00110000001100000011000100110110001100100011001000101110001100000011000000110000001011000011010000110000001101000011010000101110001101000011010100110001001100000010110000110000001101110011010000110001001100000010111000110111001101010011000100110001001011000011000100101100001100010011100000110100001011100011011000101100
00110000001100000011000100110110001100100011001100101110001100000011000000110000001011000011010000110000001101000011010000101110001101000011010100110001001100100010110000110000001101110011010000110001001100000010111000110111001101010011000100110000001011000011000100101100001100010011100000110100001011100011011000101100
00110000001100000011000100110110001100100011010000101110001100000011000000110000001011000011010000110000001101000011010000101110001101000011010100110001001101000010110000110000001101110011010000110001001100000010111000110111001101010011000100110000001011000011000100101100001100010011100000110100001011100011011000101100
00110000001100000011000100110110001100100011010000101110001100100011000100110101001011000011010000110000001101000011010000101110001101000011010100110001001101010010110000110000001101110011010000110001001100000010111000110111001101010011000100110000001011000011000100101100001100010011100000110100001011100011011000101100
00110000001100000011000100110110001100100011011000101110001100000011000000110000001011000011010000110000001101000011010000101110001101000011010100110001001101100010110000110000001101110011010000110001001100000010111000110111001101010011000000111001001011000011000100101100001100010011100000110100001011100011011000101100
00110000001100000011000100110110001100100011011100101110001100000011000000110000001011000011010000110000001101000011010000101110001101000011010100110001001110010010110000110000001101110011010000110001001100000010111000110111001101010011000000111001001011000011000100101100001100010011100000110100001011100011011000101100
00110000001100000011000100110110001100100011100000101110001100000011000000110000001011000011010000110000001101000011010000101110001101000011010100110010001100100010110000110000001101110011010000110001001100000010111000110111001101010011000000111000001011000011000100101100001100010011100000110100001011100011010100101100
00110000001100000011000100110110001100100011100100101110001100000011000000110000001011000011010000110000001101000011010000101110001101000011010100110010001101010010110000110000001101110011010000110001001100000010111000110111001101010011000000111000001011000011000100101100001100010011100000110100001011100011010100101100
00110000001100000011000100110110001100110011000000101110001100000011000000110000001011000011010000110000001101000011010000101110001101000011010100110010001101110010110000110000001101110011010000110001001100000010111000110111001101010011000000111000001011000011000100101100001100010011100000110100001011100011010100101100
001100000011000000110001001101100011001100110000001011100011001000110001001101000010110000110100001100000011010000110100001011100011010100110000001101000011100000101100001100000011011100110100001100010011000000101110001101110011001100111000001101000010110000110001001011000011011000110000001011100011100000101100
001100000011000000110001001101100011001100110010001011100011000000110000001100000010110000110100001100000011010000110100001011100011010100110000001101000011100100101100001100000011011100110100001100010011000000101110001101110011001100111000001101000010110000110001001011000011011000110000001011100011100000101100
001100000011000000110001001101100011001100110011001011100011000000110000001100000010110000110100001100000011010000110100001011100011010100110000001101010011000000101100001100000011011100110100001100010011000000101110001101110011001100111000001101100010110000110001001011000011011000110000001011100011011100101100
001100000011000000110001001101100011001100110100001011100011000000110000001100000010110000110100001100000011010000110100001011100011010100110000001101000011100000101100001100000011011100110100001100010011000000101110001101110011001100111000001101110010110000110001001011000011011000110000001011100011011100101100
001100000011000000110001001101100011001100110101001011100011000000110000001100000010110000110100001100000011010000110100001011100011010100110000001101000011011100101100001100000011011100110100001100010011000000101110001101110011001100111000001101110010110000110001001011000011011000110000001011100011011000101100
001100000011000000110001001101100011001100110110001011100011000000110000001100000010110000110100001100000011010000110100001011100011010100110000001101000011011000101100001100000011011100110100001100010011000000101110001101110011001100111000001101010010110000110001001011000011011000110000001011100011100000101100
001100000011000000110001001101100011001100110111001011100011000000110000001100000010110000110100001100000011010000110100001011100011010100110000001101000011001100101100001100000011011100110100001100010011000000101110001101110011001100111000001100110010110000110001001011000011011000110000001011100011100000101100
001100000011000000110001001101100011001100111000001011100011000000110000001100000010110000110100001100000011010000110100001011100011010100110000001101000011000000101100001100000011011100110100001100010011000000101110001101110011001100111000001100110010110000110001001011000011011000110000001011100011100000101100
001100000011000000110001001101100011001100111001001011100011000000110000001100000010110000110100001100000011010000110100001011100011010100110000001100110011100000101100001100000011011100110100001100010011000000101110001101110011001100111000001100110010110000110001001011000011011000110000001011100011100100101100
